screenshot_024_0-23-59_jpg.rf.250607c3f9c8a58a3d4dc4aecc4e58a4.jpg 229,268,261,300,0 217,278,232,290,0 193,276,208,288,0 204,278,215,287,0 212,279,217,285,0 56,262,97,280,0
screenshot_005_0-04-59_jpg.rf.cbe598bfc68b76c5162cfec6aaaf5aa4.jpg 269,253,319,309,0 214,274,224,284,0 207,275,215,282,0
screenshot_055_0-54-59_jpg.rf.fdcec45c293dfd9d178187086b977704.jpg 234,278,245,292,0 253,280,264,293,0
screenshot_031_0-30-59_jpg.rf.0434e0458539c4d03a37b88c736728bf.jpg 0,240,146,353,0 217,273,240,297,0 191,280,206,294,0 205,283,214,290,0
screenshot_046_0-45-59_jpg.rf.d1c4582732171aaa438c691b423cd1f1.jpg 255,267,287,305,0 226,278,241,298,0 244,278,256,295,0 221,285,227,291,0
screenshot_019_0-18-59_jpg.rf.461e9fcd7010c1bf176f2dcd78cb1726.jpg 127,286,184,325,0 199,281,216,302,0 231,285,260,310,0 252,282,271,299,0 215,290,221,296,0 0,308,27,411,0
screenshot_076_1-15-59_jpg.rf.b59c821fff9e0835fca62fb9151a4f7c.jpg 284,268,288,272,0 252,262,261,273,0 238,264,243,271,0 230,266,234,270,0 0,259,35,278,0
screenshot_040_0-39-59_jpg.rf.f46132817c8629fc941058610bb9cb1f.jpg 309,268,354,301,0 255,274,269,285,0 275,263,291,284,0 287,261,301,281,0
screenshot_023_0-22-59_jpg.rf.133e6b8fb2d4e05cbe30152c52fb62e0.jpg 322,246,424,310,0 161,272,202,301,0 210,273,223,283,0 234,272,245,281,0 221,273,229,280,0 252,271,259,278,0
screenshot_041_0-40-59_jpg.rf.8b4dc613afdd1f6c959aa2b51fcc2434.jpg 320,252,456,310,0 261,262,291,289,0 256,277,263,283,0 241,276,250,283,0 248,278,253,282,0
screenshot_066_1-05-59_jpg.rf.2f7a0c719a5f8e45b5f4fd32b28cdd20.jpg 167,279,192,301,0 212,268,234,299,0 246,269,273,303,0
screenshot_036_0-35-59_jpg.rf.78f91dc2803afaa11340ae8cf9eb2c1a.jpg 304,272,331,290,0 252,260,271,287,0 222,277,250,299,0 0,263,71,312,0 83,285,101,297,0 180,276,205,297,0 217,280,226,288,0
screenshot_025_0-24-59_jpg.rf.b8cfc8c08ad8b337c2f95e29f6a996fa.jpg 301,271,345,300,0 282,276,305,294,0 274,278,285,292,0 237,268,268,299,0 267,285,274,293,0 227,282,238,293,0
screenshot_062_1-01-59_jpg.rf.ebece90175f962752eeffa05e010d175.jpg 226,251,259,298,0 294,276,340,307,0 272,275,293,294,0 257,268,276,290,0
screenshot_038_0-37-59_jpg.rf.889de470ab4eb279ca2e9da3e62e168e.jpg 230,285,257,308,0 196,283,218,301,0 258,282,271,296,0
screenshot_017_0-16-59_jpg.rf.ba72ea58b05c16ad7fe5cd6b4097ab15.jpg 396,146,512,346,0 134,266,200,318,0 236,251,311,312,0 186,256,219,299,0 291,243,340,297,0 224,279,232,290,0 227,277,236,288,0
screenshot_009_0-08-59_jpg.rf.eb35fec7e2f15352f17b1d663f701c9b.jpg 252,275,288,305,0 181,268,212,293,0 328,282,348,296,0 220,277,236,289,0 245,276,255,286,0 299,280,311,290,0 293,282,301,287,0
screenshot_053_0-52-59_jpg.rf.c156507ea41761282f2a604a74520da0.jpg 188,281,212,298,0 233,272,251,298,0 256,276,280,297,0 222,283,230,291,0
screenshot_039_0-38-59_jpg.rf.7bf18e80f37f780cd428b36062476a20.jpg 259,270,287,294,0 289,280,305,292,0 237,283,249,292,0 248,282,255,288,0
screenshot_087_1-26-59_jpg.rf.14efeab9abf966b9d3b4568db2ad25d0.jpg 321,108,512,370,0 230,252,258,290,0 263,265,292,291,0 223,276,230,282,0
screenshot_080_1-19-59_jpg.rf.fe22de7ec131928d254cbcd9c5d03f3d.jpg 237,265,251,283,0 268,275,277,283,0 214,271,225,281,0
screenshot_041_0-40-59_jpg.rf.470bc4bdb6f7f3d1d2d0381c209c7721.jpg 308,240,443,297,0 250,258,279,284,0 243,274,250,281,0 229,274,237,282,0 235,276,240,280,0
screenshot_007_0-06-59_jpg.rf.88194e5222f2c29e3c4a94176d103580.jpg 338,272,439,329,0 239,276,256,291,0 257,268,272,286,0 282,279,293,287,0 272,278,280,285,0
screenshot_085_1-24-59_jpg.rf.723f530983017cdcbc18d14c800aa622.jpg 200,276,215,287,0 241,273,252,284,0
screenshot_044_0-43-59_jpg.rf.38c2c729b9f584b2a675c51f5a949d10.jpg 265,272,274,280,0 255,273,264,280,0 246,263,257,280,0 226,274,230,278,0 236,272,240,278,0
screenshot_013_0-12-59_jpg.rf.f99e97304506242974ec8f24340adb98.jpg 397,112,512,372,0 276,223,399,318,0 206,249,301,321,0 145,266,193,302,0 191,271,209,290,0
screenshot_082_1-21-59_jpg.rf.8838c1cb8a3b89a888b3415a94c96921.jpg 253,276,267,287,0 273,275,281,283,0 239,274,249,283,0
screenshot_045_0-44-59_jpg.rf.7648e5d346dc92e83a4f60cdfd2101e5.jpg 209,286,228,302,0 261,275,273,291,0 248,283,254,291,0 236,284,241,291,0
screenshot_017_0-16-59_jpg.rf.f8d07095640152c40a61f67548bd61f0.jpg 400,149,512,351,0 132,266,199,317,0 236,253,311,313,0 185,256,217,299,0 291,245,341,298,0 222,279,230,291,0 227,277,236,289,0
screenshot_010_0-09-59_jpg.rf.ad7fde393b2088b8ad804dbe9f8c9b24.jpg 258,238,299,291,0 242,260,257,281,0 230,273,240,282,0 203,275,215,284,0 215,275,222,282,0 227,272,233,281,0 393,252,422,270,0 361,257,373,265,0 373,255,385,263,0
screenshot_011_0-10-59_jpg.rf.713f0d012a8dcc81c5e958e4c9173374.jpg 0,261,72,385,0 284,274,306,288,0 243,267,258,286,0 260,276,270,284,0 195,277,209,289,0 220,274,230,286,0 238,278,246,284,0 233,273,240,282,0 208,278,213,285,0 216,277,220,281,0
screenshot_044_0-43-59_jpg.rf.3d49406746a7ce987bf6f7ba48752d58.jpg 268,289,277,298,0 257,290,266,297,0 247,279,259,296,0 227,289,231,293,0 237,289,241,295,0
screenshot_086_1-25-59_jpg.rf.8c0c0cac8d4933bbd4cc6f320b57417c.jpg 228,254,261,298,0 160,277,199,303,0
screenshot_074_1-13-59_jpg.rf.811028144954aa6f582b5f1eaaf3a90a.jpg 88,270,168,326,0 283,285,319,311,0 251,262,280,300,0 199,286,212,297,0 243,287,252,294,0 232,280,241,293,0
screenshot_000_0-00-00_jpg.rf.38e2340189fbb7f61ad5dc7882a002a6.jpg 58,274,117,303,0 268,285,274,291,0 258,284,263,290,0
screenshot_068_1-07-59_jpg.rf.392c34bc64a619e7a267f9e6c464a4bb.jpg 231,275,251,295,0 219,279,228,288,0
screenshot_009_0-08-59_jpg.rf.3010dea43a018ca4e202a0d358b8bcd6.jpg 242,268,275,296,0 174,266,203,291,0 315,270,334,283,0 211,273,226,285,0 236,270,244,281,0 288,271,299,279,0 281,273,288,278,0
screenshot_051_0-50-59_jpg.rf.0f6eda6d602e21939f16035b171e25a0.jpg 266,260,296,296,0 222,283,236,295,0 235,285,243,292,0 260,285,267,291,0 248,281,254,290,0
screenshot_018_0-17-59_jpg.rf.8c35edcb9ac5fe31a76fa3579933f77b.jpg 451,236,510,306,0 0,228,111,348,0 214,240,311,322,0 308,205,428,310,0 166,271,203,298,0 205,270,216,285,0
screenshot_099_1-38-59_jpg.rf.e0b1edfafa48a4532fe266ca6de5a7f5.jpg 67,263,156,316,0 160,276,180,292,0 189,260,218,296,0 223,274,236,292,0
screenshot_083_1-22-59_jpg.rf.98168e6912eb09a794efbfa6f0d7655f.jpg 290,282,347,319,0 208,240,251,301,0 253,280,273,296,0
screenshot_096_1-35-59_jpg.rf.1777310970248eeb4e3d813699e2300d.jpg 222,276,246,296,0 244,262,265,289,0 216,282,220,285,0
screenshot_042_0-41-59_jpg.rf.98f7ed99a643f6144b7ec0b26419f986.jpg 309,271,352,301,0 247,284,261,296,0 257,274,273,293,0 239,287,245,293,0 229,288,235,294,0
screenshot_055_0-54-59_jpg.rf.76ae55219c616a23970684546fe844b5.jpg 238,273,247,286,0 255,274,265,286,0
screenshot_047_0-46-59_jpg.rf.7678728e9e53d98eccbf4d400616ae5a.jpg 229,275,236,284,0
screenshot_000_0-00-00_jpg.rf.f38e77c64bc89de5c34df1293276ae2e.jpg 65,268,126,298,0 278,269,284,276,0 270,269,275,276,0
screenshot_031_0-30-59_jpg.rf.37f3d4487c637d8070e460e16bbf5c6d.jpg 16,237,157,342,0 231,271,253,294,0 205,277,220,290,0 219,280,227,287,0
screenshot_098_1-37-59_jpg.rf.c7c78ed5f0fbdc053b927559f21d1014.jpg 255,266,276,291,0 227,281,241,292,0 223,281,229,287,0 250,276,257,285,0
screenshot_052_0-51-59_jpg.rf.3ee142a61551f38e99ea81ea0fc192f8.jpg 227,265,248,292,0 269,281,281,290,0 219,278,224,283,0
screenshot_005_0-04-59_jpg.rf.43957c532ace76862a0d089d2e54afa3.jpg 273,251,319,303,0 218,275,227,285,0 210,277,218,284,0
screenshot_015_0-14-59_jpg.rf.2ce054e7c7d18aa8c5128011dbbef0a0.jpg 36,250,146,329,0 227,281,296,333,0 253,251,301,299,0 186,276,204,294,0 220,278,240,297,0 202,282,212,291,0 432,310,484,332,0
screenshot_066_1-05-59_jpg.rf.8e9178b4351b41a925f6e3f971ebb164.jpg 184,275,207,295,0 227,263,246,290,0 260,261,284,291,0
screenshot_086_1-25-59_jpg.rf.5daa86ced27fb47cecbd4288113d1426.jpg 227,254,258,297,0 158,278,196,303,0
screenshot_039_0-38-59_jpg.rf.036930084f755424cbf070e8c3b4cae6.jpg 258,270,284,293,0 287,279,302,291,0 235,282,247,291,0 248,282,255,287,0
screenshot_053_0-52-59_jpg.rf.2f747735b30980fd90c311b4872fa4e1.jpg 189,279,212,295,0 233,268,250,292,0 256,272,278,290,0 221,280,229,288,0
screenshot_086_1-25-59_jpg.rf.6b68d2fbfc26ca0f23106c8d1b654468.jpg 231,258,264,302,0 161,278,201,306,0
screenshot_071_1-10-59_jpg.rf.800125a202b456c1ceee74ad8ebe3fd5.jpg 22,245,153,359,0 228,287,235,294,0 245,287,250,291,0
screenshot_021_0-20-59_jpg.rf.73bcf2cfcbef26592658f9eca19b9ebf.jpg 299,288,377,339,0 147,275,186,304,0 212,272,248,305,0 191,280,208,294,0 248,286,261,297,0
screenshot_002_0-01-59_jpg.rf.a4908885b1d437e94266224136058479.jpg 337,269,375,300,0 322,278,343,296,0 238,276,259,299,0 282,282,293,290,0
screenshot_021_0-20-59_jpg.rf.a7485538058c526e7e3eceae09783b72.jpg 314,276,386,319,0 163,277,199,301,0 227,268,259,297,0 207,278,222,290,0 262,278,273,288,0
screenshot_098_1-37-59_jpg.rf.0635ee1b4adaedea3ca24e1bd46ab0cb.jpg 267,263,289,289,0 238,279,252,290,0 234,278,241,285,0 262,274,269,284,0
screenshot_026_0-25-59_jpg.rf.aa0f4b8ae14ae73455399198292b9b23.jpg 128,281,190,325,0 259,287,273,298,0 256,286,263,295,0 252,288,256,294,0 235,281,251,298,0 221,287,231,297,0 229,289,234,294,0
screenshot_087_1-26-59_jpg.rf.1af61cd5b31d56cfdf52acd55b13055a.jpg 325,111,512,360,0 231,258,256,293,0 263,268,291,292,0 224,281,231,286,0
screenshot_006_0-05-59_jpg.rf.c8a9ebca15ffba2e20ff514bf4ac71c1.jpg 74,273,96,287,0 330,267,353,282,0 260,243,294,285,0 237,267,246,279,0 251,270,257,275,0
screenshot_082_1-21-59_jpg.rf.533855f90e1141141ba0f7f5e9c1a65d.jpg 242,281,254,290,0 262,278,269,285,0 229,278,238,287,0
screenshot_008_0-07-59_jpg.rf.ba07c7070e1d6d422cf6d8bf85afdc5d.jpg 306,175,509,364,0 234,280,253,297,0 254,275,266,291,0 287,285,303,298,0 279,286,287,293,0 271,285,278,292,0 265,284,271,291,0 299,287,309,297,0
screenshot_010_0-09-59_jpg.rf.3e08b7d931ba69438a996a04d47df6f3.jpg 268,249,305,298,0 251,267,265,287,0 239,280,249,288,0 213,281,225,290,0 224,280,231,286,0 236,278,242,286,0 397,267,425,282,0 367,269,378,277,0 378,268,390,275,0
screenshot_078_1-17-59_jpg.rf.16ec9f01c7cc2f5780a51cb171a25ddd.jpg 194,279,211,292,0 243,272,253,285,0 249,281,256,289,0 218,282,224,287,0
screenshot_094_1-33-59_jpg.rf.3949ee3a61966b144f7871ef32f678ff.jpg 262,211,350,303,0 225,281,239,293,0 220,276,232,289,0
screenshot_004_0-03-59_jpg.rf.28732d7413cabd4ed7ee0a944bc3ecf8.jpg 446,292,500,321,0 346,299,364,307,0 260,286,282,307,0 249,288,263,302,0 230,288,236,296,0 244,292,251,297,0
screenshot_074_1-13-59_jpg.rf.b6147ff8fe9a74a461aeb7b966bfb57e.jpg 92,267,171,323,0 287,272,322,299,0 254,252,283,290,0 202,279,215,290,0 246,279,255,286,0 235,272,243,284,0
screenshot_080_1-19-59_jpg.rf.05c4d2a8a7f5e0613c796dae0b5dc110.jpg 243,278,257,295,0 273,284,282,292,0 221,285,231,295,0
screenshot_099_1-38-59_jpg.rf.25e74c46969415c9d518fa704db7650f.jpg 92,276,182,330,0 184,283,205,298,0 212,262,241,297,0 246,272,260,291,0
screenshot_071_1-10-59_jpg.rf.b74b7ffba4cb7cbaeafe204718c7be3a.jpg 7,240,133,350,0 207,288,214,294,0 223,288,228,292,0
screenshot_056_0-55-59_jpg.rf.c858745a2dd12fd5a379647df8438e3a.jpg 200,281,211,292,0 223,281,230,289,0 235,277,246,289,0
screenshot_068_1-07-59_jpg.rf.6206347b47c0ce0e80f21bead37c048a.jpg 238,274,255,292,0 224,280,233,289,0
screenshot_066_1-05-59_jpg.rf.0d67523e35eadb51b0d49d7cd03540e8.jpg 188,270,211,291,0 230,257,250,284,0 264,255,288,285,0
screenshot_091_1-30-59_jpg.rf.e28caba2e7367a537b41fc0bc8a5b880.jpg 258,271,282,292,0 231,274,249,292,0 250,278,257,287,0 101,265,140,284,0 62,264,99,283,0
screenshot_041_0-40-59_jpg.rf.629cbf3d22247a7672478a674b146077.jpg 318,259,448,308,0 259,268,287,292,0 254,282,261,288,0 239,282,247,289,0 246,283,251,287,0
screenshot_042_0-41-59_jpg.rf.a229167cc4d66128eb6170be54141316.jpg 312,273,350,298,0 251,280,263,291,0 261,271,273,288,0 244,280,249,286,0 233,282,239,287,0
screenshot_001_0-00-59_jpg.rf.b23e1fc16aa0ad7338eb83b575ecf676.jpg 177,154,309,342,0 137,272,191,319,0 450,267,504,317,0 387,269,466,311,0 301,261,346,301,0 386,267,415,286,0
screenshot_055_0-54-59_jpg.rf.6def6d47c2b463127ac7758e41f0b0d2.jpg 238,271,247,284,0 255,271,265,283,0
screenshot_052_0-51-59_jpg.rf.fbdb6028222b93e176f3c57434896c8c.jpg 233,268,250,293,0 273,281,284,288,0 223,280,228,285,0
screenshot_013_0-12-59_jpg.rf.462a22c69463bf01afbc680bc7eab72d.jpg 410,107,512,361,0 289,219,413,310,0 218,247,314,317,0 157,266,206,301,0 204,271,221,288,0
screenshot_087_1-26-59_jpg.rf.3883c5131eede88620bfe97661840d8a.jpg 317,102,512,370,0 227,247,255,285,0 259,259,290,286,0 221,271,228,277,0
screenshot_010_0-09-59_jpg.rf.ae98feeb8dcefaa8efff0ca76580c21b.jpg 269,239,311,294,0 252,259,268,281,0 240,271,251,280,0 213,269,226,280,0 225,270,232,277,0 238,268,245,277,0 401,267,431,285,0 371,267,383,276,0 383,266,396,274,0
screenshot_042_0-41-59_jpg.rf.3edc488ce6a07f34060b7efabfa7ff77.jpg 313,267,355,298,0 250,273,263,286,0 261,264,275,284,0 243,275,248,281,0 233,275,239,280,0
screenshot_039_0-38-59_jpg.rf.b2b77f4a840554ba858105ce637524da.jpg 263,270,292,295,0 292,281,309,294,0 241,280,254,290,0 254,281,261,286,0
screenshot_031_0-30-59_jpg.rf.e9e95d0d827a2bcdcc9f41160377a1a1.jpg 6,212,167,338,0 237,264,263,291,0 210,270,228,285,0 226,272,236,282,0
screenshot_062_1-01-59_jpg.rf.5b0552855a2e91d4ee30fbf8315bd40c.jpg 208,247,245,297,0 277,264,325,299,0 257,268,279,289,0 241,263,262,285,0
screenshot_036_0-35-59_jpg.rf.fd97eb6ca8897a916be8fa5e32a06fad.jpg 301,277,326,293,0 251,262,268,289,0 220,278,247,300,0 0,258,73,305,0 84,281,103,293,0 180,276,203,296,0 215,280,224,288,0
screenshot_017_0-16-59_jpg.rf.165cdf744fb0b19df692b54652711cad.jpg 392,162,512,355,0 131,267,195,315,0 233,257,304,314,0 182,259,213,300,0 286,250,333,300,0 218,281,226,292,0 222,280,230,291,0
screenshot_093_1-32-59_jpg.rf.e111e693373785b80b94242e28ee499a.jpg 271,263,296,295,0 248,271,262,289,0
screenshot_044_0-43-59_jpg.rf.a7e6480701b669e41adab6d10bba1d65.jpg 263,281,272,289,0 253,283,262,290,0 245,274,255,289,0 224,284,228,288,0 233,283,237,289,0
screenshot_007_0-06-59_jpg.rf.224044f0b094dbd5d6108242e3bdd3b3.jpg 337,263,434,317,0 240,273,257,288,0 258,264,271,282,0 282,274,293,282,0 272,274,280,280,0
screenshot_082_1-21-59_jpg.rf.fa0ac0378a9eeaa2d2a11a6275295f9e.jpg 253,288,266,298,0 273,285,280,292,0 240,285,249,295,0
screenshot_005_0-04-59_jpg.rf.19766ccc80689fe1801b8c3588f603f1.jpg 282,246,332,301,0 225,274,234,284,0 218,276,226,283,0
screenshot_006_0-05-59_jpg.rf.e4e745060bf0674389c9071fd93a4d9d.jpg 73,277,95,290,0 329,280,352,295,0 259,254,293,295,0 237,277,246,288,0 251,280,257,285,0
screenshot_002_0-01-59_jpg.rf.36d72be13b233f9ca3b7af0bea759bbc.jpg 327,266,362,294,0 312,274,331,290,0 228,269,247,290,0 271,276,282,283,0
screenshot_080_1-19-59_jpg.rf.47c6cfe102011dd0838bea84353f7225.jpg 240,274,253,290,0 270,281,279,287,0 217,280,227,288,0
screenshot_062_1-01-59_jpg.rf.eb7dc4c9c74bc40af6996575e01d968c.jpg 226,249,257,293,0 291,275,334,303,0 270,274,290,291,0 256,266,274,286,0
screenshot_070_1-09-59_jpg.rf.c55041938f5acb593aa6f156916e465d.jpg 350,289,389,314,0 328,288,348,307,0 261,264,323,315,0 197,283,214,299,0 229,282,245,301,0
screenshot_047_0-46-59_jpg.rf.4e518fbab8dbc3e011062685c5014257.jpg 245,279,251,288,0
screenshot_011_0-10-59_jpg.rf.454fd475c288dc8d63373522702b24c6.jpg 8,262,96,385,0 305,287,327,301,0 264,278,280,297,0 280,288,290,296,0 216,285,230,296,0 241,283,251,295,0 258,288,266,294,0 253,284,261,293,0 229,287,234,294,0 236,287,240,291,0
screenshot_013_0-12-59_jpg.rf.faad3dd871b5d367a9b3fd819033702d.jpg 398,112,512,365,0 278,226,395,314,0 208,252,299,320,0 148,270,194,304,0 193,276,210,293,0
screenshot_054_0-53-59_jpg.rf.c14bf95559453495b83c47337ce1a318.jpg 279,264,322,298,0 232,278,242,286,0 254,277,260,286,0 265,281,271,286,0 243,280,248,285,0
screenshot_007_0-06-59_jpg.rf.cefb7e9707e0b306dbcfa473f762b6da.jpg 330,273,424,324,0 234,280,250,293,0 252,270,265,288,0 275,280,286,288,0 266,280,273,286,0
screenshot_068_1-07-59_jpg.rf.6380deff97a3601f7fc8d552e9a5bf60.jpg 242,268,260,288,0 229,275,238,285,0
screenshot_053_0-52-59_jpg.rf.182a9aab4cfa848ce6603ef7b8f4b8d4.jpg 182,281,207,300,0 225,267,245,292,0 249,268,273,288,0 214,279,224,288,0
screenshot_036_0-35-59_jpg.rf.262cb76b7316f211b7e2358764699969.jpg 308,277,331,292,0 258,261,274,285,0 229,276,254,296,0 1,253,85,295,0 98,276,115,286,0 190,273,212,291,0 224,278,233,285,0
screenshot_045_0-44-59_jpg.rf.893474ff0760ae6e839e0b62f9eae114.jpg 195,273,215,290,0 246,262,258,279,0 234,271,239,279,0 223,272,228,279,0
screenshot_009_0-08-59_jpg.rf.897667b986795dac8f25d388d896e44b.jpg 253,275,286,302,0 186,272,213,295,0 325,278,342,290,0 222,278,237,289,0 245,276,253,286,0 297,278,308,286,0 291,280,298,285,0
screenshot_099_1-38-59_jpg.rf.bf00c16f0c42f8c32dadb588c0430991.jpg 86,272,169,317,0 175,278,193,292,0 204,259,229,291,0 236,271,248,288,0
screenshot_000_0-00-00_jpg.rf.603d6d5d69a80f733294e83b673d98f3.jpg 62,280,120,306,0 271,280,277,286,0 262,280,267,286,0
screenshot_032_0-31-59_jpg.rf.fd2035a2fb07bc4152568fa10f5ee408.jpg 404,201,510,351,0 48,255,159,337,0 168,265,208,302,0 290,244,333,290,0 263,253,288,282,0 234,272,254,289,0 223,274,233,284,0 241,260,256,282,0
screenshot_011_0-10-59_jpg.rf.057949da2dfaadc1512df67ef28a0769.jpg 0,260,92,377,0 296,279,317,293,0 257,272,272,291,0 271,280,281,288,0 211,280,224,290,0 235,278,244,289,0 251,281,258,287,0 247,277,254,285,0 223,282,228,289,0 229,281,233,285,0
screenshot_014_0-13-59_jpg.rf.46a30fcf564d31a8d044e328fdc5741d.jpg 346,129,512,349,0 111,274,200,339,0 270,256,307,300,0 305,278,323,294,0 244,277,272,303,0 235,290,242,295,0
screenshot_061_1-00-59_jpg.rf.d95d451e4545012dd514c8e9b5a51869.jpg 331,161,475,318,0 308,242,354,295,0 240,246,287,307,0 282,256,315,288,0
screenshot_098_1-37-59_jpg.rf.1729bac124d6ec6220636f63c729c8c6.jpg 238,271,261,297,0 210,285,224,296,0 205,284,213,291,0 233,281,240,290,0
screenshot_052_0-51-59_jpg.rf.95937515fadd48b7523d43b446e7b970.jpg 245,271,265,298,0 287,283,299,292,0 235,286,241,291,0
screenshot_056_0-55-59_jpg.rf.3a06e82f2d8a55b5f8f825f5554e76d8.jpg 203,273,215,285,0 227,275,234,283,0 239,272,250,285,0
screenshot_074_1-13-59_jpg.rf.c30c5a03518673a7b708064a7349c5f0.jpg 101,267,176,319,0 288,276,322,302,0 257,256,284,293,0 206,280,219,291,0 249,281,258,288,0 238,274,246,285,0
screenshot_021_0-20-59_jpg.rf.db04eb7ee8c3880fa7e5cd2378504bd4.jpg 312,267,387,315,0 161,280,199,307,0 225,267,259,298,0 205,281,221,294,0 260,277,272,288,0
screenshot_047_0-46-59_jpg.rf.53b21b211d9a2f8fa57ba4c61ab062f1.jpg 233,277,239,285,0
screenshot_078_1-17-59_jpg.rf.afabfc364e8e9c661a6ccf75fd1809b4.jpg 193,270,209,284,0 241,263,251,276,0 247,271,254,280,0 216,273,222,278,0
screenshot_093_1-32-59_jpg.rf.a63be02b15f95e39412bd7c637961885.jpg 252,260,276,291,0 230,269,243,287,0
screenshot_091_1-30-59_jpg.rf.9142d6527d2fc1b5183370c0a17042c0.jpg 260,272,282,293,0 233,277,251,294,0 252,281,259,290,0 105,277,142,297,0 66,278,101,299,0
screenshot_045_0-44-59_jpg.rf.70b2596334590f0d548b0b3c511cb02c.jpg 199,279,217,294,0 250,271,260,285,0 238,277,243,285,0 227,278,232,285,0
screenshot_051_0-50-59_jpg.rf.ca3e02fb8172b42a5fe1d24d8c2df467.jpg 254,259,284,296,0 208,276,222,289,0 222,280,230,287,0 248,280,255,288,0 235,277,241,286,0
screenshot_003_0-02-59_jpg.rf.66fc2d8b2aedfecfa2c827d93d73ed4e.jpg 137,215,215,310,0 219,260,267,312,0
screenshot_089_1-28-59_jpg.rf.4991ee148bcfff25d1a4470699824ec6.jpg 150,274,188,302,0 245,263,263,283,0 214,276,222,282,0 238,271,244,279,0
screenshot_071_1-10-59_jpg.rf.6810a9f3e14f10b9d88c7b62cc59a5c4.jpg 22,232,137,331,0 216,281,223,287,0 232,281,237,285,0
screenshot_006_0-05-59_jpg.rf.d76d8758c4b7bd4a155f1027e314a09c.jpg 46,293,70,308,0 314,283,339,300,0 240,258,279,303,0 217,285,228,296,0 232,288,238,293,0
screenshot_083_1-22-59_jpg.rf.bf8c54fc404e037f28e3c2fe6a362644.jpg 299,269,355,303,0 218,234,258,294,0 263,271,280,286,0
screenshot_079_1-18-59_jpg.rf.e4c92df1e2b7136452b7891f0cb892f9.jpg 282,276,292,284,0 267,277,274,282,0 259,270,266,280,0 230,276,238,282,0 245,276,253,282,0
screenshot_065_1-04-59_jpg.rf.98266467bd7685fcb76fdcbed635e276.jpg 468,279,492,290,0 454,282,468,290,0 190,281,214,302,0 248,286,257,293,0 230,278,240,292,0
screenshot_004_0-03-59_jpg.rf.77cfba840f5f36067ad63e396501f05a.jpg 453,291,508,321,0 354,297,372,306,0 267,284,290,304,0 256,284,271,299,0 237,285,244,293,0 251,289,258,294,0
screenshot_090_1-29-59_jpg.rf.06b82a68351bc96d96de9d451e1e5370.jpg 237,279,241,283,0 253,277,256,280,0
screenshot_064_1-03-59_jpg.rf.c145f818f925d20e6408c4744e70952a.jpg 296,145,512,326,0 216,283,231,296,0 245,275,256,289,0
screenshot_001_0-00-59_jpg.rf.7aead12d15664957283c09e3971f94a9.jpg 190,155,316,340,0 145,260,197,306,0 450,301,508,350,0 389,295,466,337,0 307,271,350,310,0 390,289,418,308,0
screenshot_026_0-25-59_jpg.rf.2fae9f52e0430fbc571647d0b8bb0798.jpg 117,260,179,305,0 250,273,264,284,0 248,272,255,281,0 244,274,248,279,0 226,265,243,283,0 212,270,222,281,0 221,273,226,278,0
screenshot_070_1-09-59_jpg.rf.9e9e17f0d008975a231e5ac40abd500c.jpg 353,258,393,282,0 330,261,349,280,0 261,244,324,294,0 194,275,211,289,0 227,269,243,288,0
screenshot_092_1-31-59_jpg.rf.a0f93e62018aeb864840327a9eec08c9.jpg 379,112,512,370,0 304,202,393,318,0 268,272,286,289,0 254,279,258,284,0
screenshot_026_0-25-59_jpg.rf.dae9db13b3b77e9795497775515f96c4.jpg 131,270,188,309,0 258,278,271,288,0 255,277,262,286,0 251,279,255,284,0 234,271,248,287,0 221,276,230,286,0 229,279,234,284,0
screenshot_002_0-01-59_jpg.rf.8bdedc483c0258871daeb8a7d274cf8f.jpg 335,272,371,301,0 320,279,339,297,0 234,273,255,294,0 279,282,290,289,0
screenshot_033_0-32-59_jpg.rf.d52013ee4e2886f1e3a993c3bc4c0bed.jpg 200,281,218,294,0 247,284,254,290,0 234,281,242,291,0 215,280,223,291,0
screenshot_054_0-53-59_jpg.rf.7b7decf8f73faef9244314ddeb337537.jpg 268,268,313,304,0 220,290,231,299,0 242,286,249,295,0 254,289,260,295,0 233,291,238,296,0
screenshot_014_0-13-59_jpg.rf.fc4bf20af83332c69329e4043397299a.jpg 329,113,508,330,0 87,256,174,319,0 248,238,283,283,0 282,261,300,277,0 222,260,249,284,0 211,272,218,277,0
screenshot_061_1-00-59_jpg.rf.8a0b585bfebe13dc5c6eda3af7282ba6.jpg 316,165,462,327,0 287,240,334,295,0 218,238,265,300,0 261,253,294,285,0
screenshot_078_1-17-59_jpg.rf.289f059a563b3ea79608dc0df496c630.jpg 207,279,222,292,0 253,271,262,284,0 258,279,265,287,0 228,281,234,286,0
screenshot_008_0-07-59_jpg.rf.dd47d2b92c8d52aa1c9e6abe8ae0fbef.jpg 303,163,510,348,0 233,286,252,302,0 252,280,264,295,0 285,284,301,298,0 278,288,286,294,0 270,288,277,294,0 264,287,270,293,0 298,286,307,295,0
screenshot_085_1-24-59_jpg.rf.e9cfaad97bb099e079a5c1116587cfbf.jpg 209,281,223,292,0 250,276,260,286,0
screenshot_056_0-55-59_jpg.rf.7cf305d3961ea8ce0152f9df0e0fda4c.jpg 215,279,226,290,0 238,278,243,286,0 248,277,258,288,0
screenshot_033_0-32-59_jpg.rf.c99ce863d0e4054ef8d5f29124c0ff3c.jpg 189,286,207,299,0 234,286,242,292,0 222,285,230,295,0 204,283,212,294,0
screenshot_025_0-24-59_jpg.rf.ce27e9ebca37e8b216804bf2b89f4921.jpg 291,267,333,295,0 273,272,294,290,0 264,274,274,287,0 229,266,258,295,0 258,280,264,288,0 218,278,228,289,0
screenshot_065_1-04-59_jpg.rf.df154d22aec897e44dc352ad508afd64.jpg 461,298,485,309,0 447,300,461,308,0 181,283,204,303,0 239,290,248,298,0 221,281,230,296,0
screenshot_040_0-39-59_jpg.rf.ab6e06f78bc91a47e2fd1e4d97803933.jpg 295,277,337,306,0 241,281,255,291,0 262,270,277,289,0 274,269,287,288,0
screenshot_035_0-34-59_jpg.rf.16ee3c0b1bb5a9ed8c6a633adc1b8709.jpg 453,232,512,299,0 177,268,230,308,0 304,228,361,284,0 221,269,233,285,0 242,272,251,280,0 282,265,293,277,0 273,269,280,276,0 256,264,266,277,0
screenshot_024_0-23-59_jpg.rf.a9b5c77040e410aaa9498a0bf522df61.jpg 241,269,270,299,0 230,280,243,291,0 204,280,218,291,0 216,281,225,289,0 224,282,229,287,0 67,276,107,291,0
screenshot_096_1-35-59_jpg.rf.b59f28d25b7d6b383cfb4a50aff14999.jpg 224,274,247,294,0 246,262,267,289,0 218,281,222,284,0
screenshot_064_1-03-59_jpg.rf.c31c7fe7b1d28f41083182cb353ea556.jpg 296,174,512,358,0 205,283,220,296,0 235,279,245,293,0
screenshot_004_0-03-59_jpg.rf.5282326f8584b4dc86fac2cf28299f72.jpg 443,265,493,288,0 347,280,364,287,0 264,275,284,294,0 253,278,265,290,0 234,279,240,287,0 247,282,253,287,0
screenshot_035_0-34-59_jpg.rf.48894429d98dde655786b7a0e907a9dd.jpg 448,278,512,344,0 168,273,219,311,0 299,252,356,307,0 213,278,224,292,0 234,283,243,291,0 275,284,285,294,0 266,284,273,291,0 248,276,257,290,0
screenshot_079_1-18-59_jpg.rf.8e6dc84821f0f286043d96f1f9f53bf9.jpg 273,290,284,299,0 257,293,263,298,0 248,287,256,297,0 220,294,228,301,0 237,294,244,300,0
screenshot_038_0-37-59_jpg.rf.064b363008359ab8153a25a3b196ed2c.jpg 225,275,251,297,0 193,276,214,293,0 252,273,264,286,0
screenshot_016_0-15-59_jpg.rf.3f41019f6fb60cfedf20c1842bd00e4b.jpg 417,157,512,390,0 3,140,96,363,0 138,248,200,314,0 281,233,355,315,0 237,275,272,308,0 208,286,225,300,0 269,286,280,300,0 222,286,230,297,0 229,288,236,296,0
screenshot_092_1-31-59_jpg.rf.c866076014cd7b6820d810e324666641.jpg 369,124,512,390,0 298,212,392,332,0 265,277,284,296,0 251,285,255,290,0
screenshot_093_1-32-59_jpg.rf.4d80b3799d54d027c60da61565134726.jpg 255,262,277,289,0 235,271,246,287,0
screenshot_019_0-18-59_jpg.rf.b6bce07f0cf3a60c34df6b31ca0ac3cf.jpg 134,278,188,311,0 204,273,220,292,0 235,279,263,301,0 258,277,275,292,0 220,281,226,287,0 0,291,26,392,0
screenshot_003_0-02-59_jpg.rf.9c82db3db124892df493ddd17b09fda2.jpg 130,215,208,304,0 210,260,257,309,0
screenshot_018_0-17-59_jpg.rf.4f507b22008e980c98fd8cb7c7feaec8.jpg 446,243,512,308,0 2,231,119,343,0 218,244,310,320,0 310,212,422,310,0 173,273,208,297,0 209,271,219,285,0
screenshot_090_1-29-59_jpg.rf.b9dd96585ccc0b3f626cadb63b72409c.jpg 218,276,222,280,0 235,275,238,278,0
screenshot_015_0-14-59_jpg.rf.f6036898c58a34f2fe61dba673205f32.jpg 59,265,157,330,0 241,275,302,319,0 263,245,304,286,0 199,275,215,291,0 231,273,249,289,0 215,280,224,287,0 436,283,483,299,0
screenshot_038_0-37-59_jpg.rf.9170bd25d4b17f7f0bb55d3ad200d40c.jpg 231,278,258,301,0 196,279,218,296,0 259,276,272,289,0
screenshot_023_0-22-59_jpg.rf.a60a117efc4a3f6f1e63ead02593d759.jpg 319,265,417,322,0 161,276,201,303,0 209,279,222,289,0 232,279,243,288,0 220,280,228,287,0 250,279,257,285,0
screenshot_032_0-31-59_jpg.rf.c7fee8fb892a8168f01eb5bc1eb83b3d.jpg 405,218,512,357,0 59,249,162,322,0 174,261,211,295,0 292,249,331,291,0 265,255,287,281,0 236,272,255,286,0 226,272,235,281,0 243,260,258,280,0
screenshot_094_1-33-59_jpg.rf.05e476bb40f0ac658b2822f144ce9587.jpg 275,222,353,306,0 234,282,246,292,0 230,276,241,288,0
screenshot_018_0-17-59_jpg.rf.be46b38b9474bc7114dfd7e2147d9f2d.jpg 442,256,510,326,0 0,212,116,333,0 212,241,310,324,0 304,215,425,322,0 166,268,204,294,0 205,268,216,283,0
screenshot_094_1-33-59_jpg.rf.de5af3797512dd4cd225c72865efe549.jpg 283,207,368,301,0 243,278,257,290,0 238,272,250,286,0
screenshot_001_0-00-59_jpg.rf.0855b8448137d02d5d3b1c88876e3b90.jpg 199,155,311,329,0 152,263,201,305,0 458,277,512,321,0 395,276,470,311,0 312,261,353,296,0 395,271,422,288,0
screenshot_089_1-28-59_jpg.rf.b1fe5196936bf528e84edcf7cfe019a0.jpg 150,277,188,305,0 244,265,263,285,0 214,278,221,284,0 238,272,244,280,0
screenshot_046_0-45-59_jpg.rf.f3a1e36cf2420853a84f59ea1b4195f9.jpg 263,258,290,293,0 234,272,247,290,0 250,272,261,286,0 229,281,234,286,0
screenshot_016_0-15-59_jpg.rf.2fdc220d870a7736c0aba88c837e88c1.jpg 416,139,512,376,0 0,142,88,367,0 132,246,194,312,0 276,224,352,307,0 232,270,267,303,0 203,282,221,296,0 265,280,276,295,0 216,282,225,294,0 224,284,231,292,0
screenshot_076_1-15-59_jpg.rf.24b3978569679424d37d120dea48cb89.jpg 283,282,287,285,0 254,278,261,287,0 240,278,245,284,0 231,281,235,285,0 1,278,46,294,0
screenshot_032_0-31-59_jpg.rf.b6d056abbae1797e0dd4cd3394b4dc47.jpg 394,233,512,367,0 51,253,151,322,0 165,266,200,299,0 282,258,319,298,0 256,263,277,288,0 226,278,244,292,0 216,278,225,286,0 234,266,247,286,0
screenshot_025_0-24-59_jpg.rf.434c58ab204b860eeba9f37ace774a40.jpg 299,283,343,314,0 279,288,301,306,0 271,288,281,302,0 233,278,265,311,0 263,295,271,303,0 222,290,232,302,0
screenshot_083_1-22-59_jpg.rf.a79c0a95a1f1144c841c3872cdc45f11.jpg 305,276,358,308,0 223,239,261,297,0 267,276,284,291,0
screenshot_070_1-09-59_jpg.rf.09e7a0500ca3efa89eeba0676fdf6322.jpg 351,270,389,290,0 330,272,348,289,0 264,253,322,299,0 200,278,216,291,0 232,275,247,292,0
screenshot_008_0-07-59_jpg.rf.306cd43eb73fc75f69618e61a2aa5f2f.jpg 310,170,512,336,0 234,279,252,294,0 255,273,266,287,0 287,278,301,290,0 279,281,287,287,0 271,282,278,287,0 265,281,271,286,0 299,281,307,290,0
screenshot_016_0-15-59_jpg.rf.efe5eca786bce560dceee360f5464bc1.jpg 413,144,512,373,0 1,140,90,358,0 134,244,194,307,0 276,224,349,304,0 231,268,265,299,0 203,279,220,293,0 263,277,274,291,0 216,279,224,290,0 223,280,230,288,0
screenshot_061_1-00-59_jpg.rf.8d32b76086185c07e2fbba0992b023f6.jpg 331,182,462,327,0 301,253,343,302,0 235,251,277,307,0 275,264,305,292,0
screenshot_076_1-15-59_jpg.rf.c44ab2172eed57a837a591f01091b4f9.jpg 288,290,292,294,0 257,282,267,293,0 243,282,249,288,0 235,284,239,288,0 8,259,44,278,0
screenshot_014_0-13-59_jpg.rf.dae82ac9429e0643d28baead8ffc625b.jpg 345,148,512,346,0 112,266,192,322,0 264,255,296,295,0 296,277,312,291,0 239,274,264,297,0 228,284,235,289,0
screenshot_019_0-18-59_jpg.rf.0ba8f23057dafcfeea539545014f0f84.jpg 142,278,199,313,0 214,273,232,292,0 246,279,274,301,0 269,276,287,291,0 231,282,237,288,0 9,296,38,399,0
screenshot_096_1-35-59_jpg.rf.1603b959b9bb8b58371b706fce942473.jpg 223,270,248,292,0 245,256,268,285,0 219,278,223,282,0
screenshot_003_0-02-59_jpg.rf.2bb5c461e702afe1d4d9b08462ef1bb3.jpg 140,218,215,306,0 219,263,264,311,0
screenshot_035_0-34-59_jpg.rf.e1a37bb89b8b33f4274946c0d52b3eaf.jpg 445,265,512,327,0 170,276,219,310,0 299,248,351,298,0 214,276,225,290,0 235,282,244,289,0 274,280,284,289,0 265,280,272,287,0 248,274,257,287,0
screenshot_065_1-04-59_jpg.rf.2f51b275303b370791aa2a0e0266daac.jpg 462,280,485,289,0 448,282,462,289,0 194,275,216,293,0 250,280,259,287,0 233,272,242,285,0
screenshot_091_1-30-59_jpg.rf.892b8b3834396a6e39903ebd820fdc61.jpg 258,270,279,289,0 230,273,247,289,0 249,276,255,285,0 103,270,139,287,0 65,269,99,287,0
screenshot_089_1-28-59_jpg.rf.3c38ae440e92115030c2c62f1250edfc.jpg 158,277,195,303,0 250,270,268,289,0 221,280,228,286,0 244,276,250,284,0
screenshot_024_0-23-59_jpg.rf.651ea983e90c156e6ceded6dcc2b35a8.jpg 244,269,274,301,0 233,281,246,293,0 207,281,222,293,0 219,282,228,290,0 227,283,232,289,0 66,276,107,291,0
screenshot_054_0-53-59_jpg.rf.cc171ee1592baf804fb8d740fb3cc587.jpg 271,265,311,297,0 225,280,234,288,0 245,279,251,287,0 257,283,262,287,0 236,282,241,287,0
screenshot_051_0-50-59_jpg.rf.cb2cc9e1a0f64e8200ccc2ca010289b0.jpg 260,258,286,293,0 216,279,228,290,0 228,281,236,288,0 253,280,260,286,0 240,277,246,286,0
screenshot_092_1-31-59_jpg.rf.0434ffde5239599c79618f172b2a47f0.jpg 371,112,512,370,0 298,206,385,319,0 264,273,281,290,0 250,280,254,285,0
screenshot_040_0-39-59_jpg.rf.1ed661ebc1ed8213d1294edc5e53a0b3.jpg 293,285,338,318,0 237,285,251,296,0 258,275,275,296,0 271,273,286,294,0
screenshot_033_0-32-59_jpg.rf.dc66a16b697c287a152d4ed5d81e5aaa.jpg 204,280,221,293,0 249,282,256,288,0 236,280,244,289,0 218,279,226,290,0
screenshot_015_0-14-59_jpg.rf.cd107b26effd142a4b28ac1195ba1e94.jpg 60,253,161,324,0 243,266,305,313,0 265,236,308,279,0 202,267,219,284,0 234,265,253,282,0 218,271,227,279,0 438,275,486,294,0
screenshot_085_1-24-59_jpg.rf.e5919b355d0cce31817abf061b47e30d.jpg 217,281,232,293,0 258,275,270,287,0
screenshot_064_1-03-59_jpg.rf.e4b64e608bd95cfd6e9d434f458fa38a.jpg 299,164,512,329,0 207,279,221,291,0 237,274,246,287,0
screenshot_046_0-45-59_jpg.rf.d75225d343c596966d37a815ecaeb32e.jpg 250,269,281,307,0 222,280,237,299,0 238,281,251,298,0 218,286,223,292,0
screenshot_079_1-18-59_jpg.rf.1a4917210b95e765946afab8e8a9afd4.jpg 277,280,286,288,0 261,282,267,287,0 254,276,261,285,0 226,281,234,287,0 242,281,249,287,0
screenshot_090_1-29-59_jpg.rf.dc9f48d917fe118d8375a08dc6a40506.jpg 227,281,231,285,0 243,281,246,284,0
screenshot_023_0-22-59_jpg.rf.45bf9ca56a39cfaa9f220d3cc08afedb.jpg 329,254,432,318,0 170,267,211,296,0 218,271,231,281,0 242,272,253,281,0 230,272,238,279,0 260,271,267,278,0