0 0.7823567708333333 0.6556640625 0.16197916666666656 0.08709490740740744
0 0.6067057291666667 0.644263599537037 0.04062499999999991 0.02372685185185186
0 0.509375 0.6498697916666667 0.03541666666666665 0.03344907407407405
0 0.565625 0.6435908564814814 0.016666666666666607 0.015740740740740833
0 0.48385416666666664 0.6481047453703703 0.025520833333333326 0.03142361111111125
0 0.3324869791666667 0.6638816550925926 0.07721354166666661 0.04547164351851851
0 0.2380859375 0.6841218171296297 0.13320312499999998 0.06540798611111098
0 0.12584635416666667 0.7152416087962963 0.14518229166666663 0.1279658564814814
0 0.3771484375 0.659642650462963 0.044791666666666674 0.02766203703703707
0 0.40397135416666663 0.6516276041666667 0.04713541666666665 0.03353587962962967
0 0.42747395833333335 0.6524305555555556 0.030729166666666696 0.02170138888888884
0 0.44121093749999996 0.6533058449074074 0.016666666666666607 0.015740740740740833
0 0.4585286458333333 0.6492693865740742 0.020572916666666607 0.01576967592592604
0 0.5852864583333334 0.6453993055555556 0.027083333333333348 0.02557870370370363