0 0.13548900462962962 0.7335069444444444 0.26802662037037034 0.17785011574074083
0 0.2768952546296296 0.6724392361111111 0.15175057870370368 0.10070891203703702
0 0.35823929398148147 0.6481047453703703 0.102488425925926 0.06851851851851842
0 0.39835069444444443 0.6408492476851851 0.05733506944444444 0.05023148148148149
0 0.4639829282407407 0.6233000578703703 0.023784722222222276 0.024826388888888884
0 0.7729239004629629 0.5815755208333333 0.07689525462962976 0.05334201388888893
0 0.652734375 0.5935763888888889 0.02372685185185186 0.020920138888888884
0 0.47965133101851853 0.6194444444444445 0.015827546296296235 0.014597800925925997
0 0.9205439814814815 0.5620949074074074 0.09852430555555536 0.06438078703703698
0 0.9713541666666667 0.5571325231481481 0.039988425925925775 0.06481481481481488
0 0.8471715856481481 0.5752242476851852 0.06896701388888893 0.04506655092592604
0 0.6947554976851852 0.589134837962963 0.02763310185185186 0.021151620370370328
0 0.7357566550925927 0.5876808449074074 0.04142071759259247 0.029774305555555713