0 0.859375 0.712890625 0.279296875 0.13671875
0 0.703125 0.671875 0.134765625 0.076171875
0 0.626953125 0.66015625 0.091796875 0.05078125
0 0.587890625 0.66015625 0.048828125 0.0390625
0 0.52734375 0.650390625 0.021484375 0.01953125
0 0.23828125 0.65625 0.06640625 0.041015625
0 0.3515625 0.650390625 0.01953125 0.015625
0 0.51171875 0.6484375 0.013671875 0.01171875
0 0.1015625 0.658203125 0.087890625 0.048828125
0 0.03515625 0.66015625 0.0703125 0.052734375
0 0.169921875 0.658203125 0.0625 0.033203125
0 0.3125 0.65234375 0.0234375 0.015625
0 0.2734375 0.65625 0.037109375 0.021484375