0 0.337890625 0.669921875 0.16796875 0.064453125
0 0.51171875 0.650390625 0.068359375 0.0546875
0 0.458984375 0.66015625 0.05078125 0.03125
0 0.419921875 0.654296875 0.04296875 0.03125
0 0.619140625 0.65234375 0.01953125 0.01953125
0 0.908203125 0.66796875 0.056640625 0.046875
0 0.94140625 0.669921875 0.083984375 0.052734375
0 0.87890625 0.650390625 0.029296875 0.01171875
0 0.775390625 0.65234375 0.021484375 0.01953125
0 0.806640625 0.650390625 0.017578125 0.01171875
0 0.83203125 0.650390625 0.017578125 0.01171875
0 0.76171875 0.6484375 0.04296875 0.01171875
0 0.8125 0.64453125 0.060546875 0.015625