0 0.45321180555555557 0.6460503472222222 0.0517650462962963 0.03508391203703698
0 0.4783998842592593 0.6382740162037037 0.043894675925926 0.03284143518518512
0 0.5065755208333333 0.6323423032407407 0.022120949074074137 0.02228009259259256
0 0.5280020254629629 0.6295934606481481 0.01200810185185186 0.010199652777777679
0 0.5493995949074074 0.6258680555555556 0.009997106481481444 0.00817418981481488
0 0.6433810763888889 0.6302083333333333 0.035966435185185164 0.02864583333333348
0 0.6041449652777777 0.6257957175925926 0.012065972222222054 0.012152777777777679
0 0.6198567708333333 0.6281467013888888 0.01396122685185186 0.010271990740740922
0 0.6836226851851852 0.6355613425925926 0.05176504629629619 0.0350839120370372
0 0.7307870370370371 0.6435908564814814 0.07951388888888888 0.0497685185185186
0 0.8301938657407408 0.6330656828703703 0.10507812499999991 0.05656828703703698
0 0.7461805555555555 0.6351996527777778 0.059693287037037024 0.03927951388888884
0 0.5709129050925925 0.626048900462963 0.006032986111111249 0.0060763888888888395