0 0.568359375 0.654296875 0.064453125 0.04296875
0 0.501953125 0.64453125 0.0234375 0.017578125
0 0.525390625 0.6484375 0.029296875 0.021484375
0 0.38671875 0.642578125 0.041015625 0.05078125
0 0.333984375 0.65234375 0.07421875 0.064453125
0 0.408203125 0.6484375 0.0234375 0.029296875
0 0.423828125 0.646484375 0.015625 0.017578125
0 0.48828125 0.642578125 0.01171875 0.009765625
0 0.4375 0.64453125 0.015625 0.009765625
0 0.45703125 0.642578125 0.005859375 0.0078125
0 0.474609375 0.642578125 0.009765625 0.009765625
0 0.13671875 0.701171875 0.2734375 0.16015625