0 0.75390625 0.6875 0.298828125 0.162109375
0 0.58203125 0.6640625 0.095703125 0.068359375
0 0.513671875 0.650390625 0.041015625 0.03125
0 0.494140625 0.64453125 0.02734375 0.0234375
0 0.474609375 0.640625 0.017578125 0.013671875
0 0.421875 0.640625 0.0234375 0.017578125
0 0.34765625 0.654296875 0.052734375 0.0390625
0 0.326171875 0.66015625 0.04296875 0.046875
0 0.2734375 0.666015625 0.099609375 0.068359375
0 0.189453125 0.689453125 0.150390625 0.09375
0 0.072265625 0.7021484375 0.14453125 0.154296875