0 0.4208984375 0.6400607638888889 0.068359375 0.05230034722222232
0 0.4873046875 0.6395616319444445 0.025390625 0.020095486111111116
0 0.4658203125 0.6390625000000001 0.03125 0.026085069444444553
0 0.6044921875 0.6467230902777777 0.048828125 0.05772569444444442
0 0.6572265625 0.6621527777777778 0.08203125 0.07604166666666679
0 0.58203125 0.6511284722222223 0.02734375 0.03185763888888893
0 0.5673828125 0.6475477430555556 0.017578125 0.01992187500000009
0 0.501953125 0.6363064236111111 0.013671875 0.012022569444444464
0 0.5537109375 0.6439453125000001 0.017578125 0.012109375000000089
0 0.5341796875 0.6394965277777778 0.005859375 0.007942708333333215
0 0.5166015625 0.6379340277777777 0.01171875 0.011979166666666652
0 0.841796875 0.7283637152777778 0.279296875 0.19370659722222228