0 0.7665002893518519 0.6859809027777777 0.16740451388888888 0.10112847222222232
0 0.5788266782407407 0.6659288194444444 0.04337384259259269 0.02925347222222241
0 0.4753978587962963 0.6671875 0.03765914351851851 0.038758680555555536
0 0.5339048032407407 0.6639322916666667 0.019791666666666652 0.01844618055555558
0 0.44607204861111116 0.6639322916666667 0.025882523148148096 0.03433159722222223
0 0.28524305555555557 0.6772786458333333 0.08077256944444444 0.050434027777777946
0 0.18108362268518519 0.6950954861111112 0.13974247685185182 0.07842881944444446
0 0.07902199074074073 0.7227647569444444 0.11530671296296297 0.14175347222222223
0 0.3320601851851852 0.6754557291666666 0.04538483796296289 0.03324652777777781
0 0.3622034143518519 0.6680121527777778 0.04937789351851851 0.03927951388888884
0 0.3856409143518519 0.6690538194444444 0.033550347222222276 0.024913194444444287
0 0.4012369791666667 0.667795138888889 0.015885416666666652 0.018272569444444553
0 0.41877170138888886 0.6656467013888889 0.023697916666666652 0.018619791666666607
0 0.5553891782407407 0.6648871527777778 0.027748842592592693 0.028559027777777857