0 0.5279730902777777 0.6860532407407407 0.06906828703703694 0.04738136574074092
0 0.46013454861111114 0.674732349537037 0.024479166666666607 0.018446180555555358
0 0.48150318287037036 0.6774811921296297 0.032638888888888884 0.02459490740740744
0 0.33904079861111114 0.6702473958333333 0.046093750000000044 0.05432581018518512
0 0.28566984953703706 0.6790364583333333 0.08217592592592593 0.0712528935185186
0 0.3622468171296296 0.6750217013888888 0.02517361111111116 0.030164930555555358
0 0.37787181712962964 0.6756004050925926 0.01678240740740744 0.02010995370370372
0 0.44462528935185186 0.6722005208333333 0.01229745370370372 0.010199652777777679
0 0.3918330439814815 0.6712239583333334 0.01620370370370372 0.01034432870370372
0 0.41136429398148144 0.671947337962963 0.006322337962962887 0.00802951388888884
0 0.4308955439814815 0.6726707175925926 0.01034432870370372 0.01012731481481488
0 0.11248191550925926 0.7187861689814814 0.22496383101851852 0.16391782407407396