0 0.43192274305555556 0.6645399305555556 0.052430555555555536 0.03823784722222223
0 0.4558376736111111 0.6532769097222222 0.04453125000000002 0.03611111111111098
0 0.4825520833333333 0.6448784722222223 0.024479166666666607 0.023958333333333304
0 0.5043402777777778 0.6375651041666667 0.014192708333333304 0.012022569444444464
0 0.5231987847222221 0.6303168402777778 0.012152777777777679 0.010026041666666652
0 0.6144097222222222 0.6195095486111111 0.03841145833333326 0.030121527777777768
0 0.5752604166666666 0.6223307291666667 0.014192708333333304 0.012022569444444464
0 0.5937717013888889 0.6228949652777778 0.016145833333333304 0.012065972222222276
0 0.6564019097222222 0.6185763888888889 0.054383680555555536 0.038281250000000044
0 0.7022135416666666 0.6195095486111111 0.08242187500000009 0.05451388888888875
0 0.7960286458333333 0.5940104166666667 0.10620659722222214 0.06284722222222228
0 0.7143663194444445 0.6094835069444444 0.060416666666666785 0.04231770833333348
0 0.5447265625 0.6288628472222222 0.006119791666666652 0.005989583333333215