0 0.2631148726851852 0.7234592013888889 0.3237268518518519 0.20681423611111116
0 0.4366174768518518 0.6846643518518518 0.10410879629629632 0.08314525462962963
0 0.5048394097222222 0.6681351273148148 0.04713541666666665 0.036545138888888884
0 0.5243127893518518 0.6609013310185186 0.03145254629629646 0.028269675925925775
0 0.5428096064814816 0.6536385995370371 0.019646990740740833 0.01620370370370372
0 0.5974681712962964 0.6513527199074074 0.02553530092592604 0.020283564814814747
0 0.6746455439814815 0.6575448495370371 0.058940972222222276 0.04861111111111116
0 0.696166087962963 0.6630642361111111 0.049204282407407485 0.0522280092592593
0 0.7508391203703704 0.6627314814814815 0.10996817129629632 0.08331886574074066
0 0.8398292824074074 0.6819661458333333 0.16490162037037037 0.11814236111111098
0 0.9386429398148148 0.6839988425925927 0.12271412037037033 0.17173032407407396