0 0.8504340277777778 0.6650028935185185 0.26197916666666665 0.15017361111111116
0 0.7086082175925925 0.6448929398148149 0.15506365740740735 0.09743923611111116
0 0.623849826388889 0.6412037037037037 0.105367476851852 0.06633391203703698
0 0.5808810763888889 0.6427951388888888 0.056076388888888884 0.0489004629629628
0 0.5126953125 0.6394675925925926 0.026085069444444553 0.0243778935185186
0 0.19367042824074074 0.6737196180555556 0.07761863425925924 0.05164930555555558
0 0.31709346064814814 0.6564670138888888 0.02206307870370372 0.02032696759259256
0 0.49419849537037036 0.6382016782407407 0.015972222222222165 0.01229745370370372
0 0.04634331597222222 0.6890914351851851 0.09268663194444444 0.06228298611111116
0 0.003804976851851853 0.6956380208333333 0.007609953703703706 0.06127025462962976
0 0.11824363425925925 0.6843171296296295 0.07152777777777777 0.04361979166666652
0 0.2740089699074074 0.6619646990740741 0.02792245370370372 0.0205439814814814
0 0.2308376736111111 0.6703920717592593 0.0437210648148148 0.02698206018518512