0 0.8265407986111111 0.6455078125 0.20230034722222223 0.11328125
0 0.11998697916666667 0.7001953125 0.16202256944444443 0.0859375
0 0.3429036458333333 0.662109375 0.08420138888888884 0.048828125
0 0.4657335069444445 0.6572265625 0.06688368055555549 0.0546875
0 0.5265190972222222 0.640625 0.03706597222222219 0.04296875
0 0.5088541666666667 0.638671875 0.024826388888888884 0.03125
0 0.5594618055555556 0.634765625 0.016319444444444553 0.015625
0 0.5770833333333334 0.6357421875 0.026171875000000178 0.017578125
0 0.4154513888888889 0.646484375 0.02430555555555558 0.01953125
0 0.398046875 0.650390625 0.02430555555555558 0.01953125
0 0.440625 0.6416015625 0.00824652777777779 0.009765625