0 0.4765625 0.640625 0.009765625 0.0078125
0 0.421875 0.642578125 0.01171875 0.0078125
0 0.412109375 0.642578125 0.009765625 0.009765625
0 0.400390625 0.646484375 0.01171875 0.009765625
0 0.37890625 0.646484375 0.01171875 0.009765625
0 0.392578125 0.646484375 0.01171875 0.01171875
0 0.388671875 0.64453125 0.009765625 0.009765625
0 0.416015625 0.638671875 0.013671875 0.009765625
0 0.4453125 0.640625 0.0078125 0.005859375
0 0.43359375 0.640625 0.0078125 0.0078125
0 0.283203125 0.662109375 0.11328125 0.072265625
0 0.150390625 0.6923828125 0.30078125 0.173828125