0 0.513548900462963 0.6582392939814814 0.010228587962962887 0.00817418981481488
0 0.45708188657407406 0.6590711805555556 0.012181712962962998 0.008246527777777679
0 0.4493272569444444 0.6597583912037037 0.01034432870370372 0.01012731481481488
0 0.4358868634259259 0.663158275462963 0.01425057870370372 0.010271990740740922
0 0.4144024884259259 0.6623625578703705 0.01229745370370372 0.010199652777777679
0 0.4279586226851852 0.6609157986111112 0.012413194444444442 0.012152777777777679
0 0.4240523726851852 0.6607711226851851 0.01034432870370372 0.01012731481481488
0 0.452025462962963 0.6559606481481481 0.014366319444444442 0.0122251157407407
0 0.4823567708333333 0.6580584490740741 0.008159722222222276 0.00614872685185186
0 0.47063802083333334 0.6576244212962963 0.010228587962962998 0.00817418981481488
0 0.3158347800925926 0.6762514467592593 0.12365451388888893 0.08058449074074092
0 0.19182581018518519 0.7047887731481481 0.3076388888888889 0.19263599537037046