0 0.4477864583333333 0.655005787037037 0.01236979166666674 0.009852430555555625
0 0.3914713541666667 0.6643590856481482 0.014453124999999956 0.011820023148148229
0 0.38164062499999996 0.6652633101851853 0.012499999999999956 0.011805555555555625
0 0.3705078125 0.6710431134259259 0.016406249999999956 0.011834490740740833
0 0.34687500000000004 0.6737991898148148 0.016406249999999956 0.011834490740740833
0 0.36067708333333337 0.671947337962963 0.014583333333333393 0.013773148148148007
0 0.3568359375 0.6709418402777778 0.012499999999999956 0.011805555555555625
0 0.38580729166666666 0.6613859953703705 0.01653645833333328 0.013787615740740833
0 0.41529947916666665 0.6586733217592593 0.008333333333333304 0.007870370370370416
0 0.4034505208333333 0.6605396412037037 0.01236979166666674 0.009852430555555625
0 0.24921875 0.7023871527777779 0.13489583333333333 0.09079861111111098
0 0.144140625 0.7464192708333333 0.28828125 0.20933159722222205