0 0.7783203125 0.7039134837962964 0.328125 0.17478298611111098
0 0.5888671875 0.6845052083333334 0.10546875 0.07773437499999991
0 0.5146484375 0.6716869212962964 0.044921875 0.033868634259259345
0 0.4951171875 0.6635850694444445 0.029296875 0.02582465277777768
0 0.4716796875 0.6603081597222222 0.01953125 0.01396122685185186
0 0.4150390625 0.6604456018518519 0.025390625 0.017954282407407485
0 0.3349609375 0.6739076967592592 0.05859375 0.04578993055555536
0 0.3115234375 0.6813729745370369 0.046875 0.05147569444444455
0 0.2529296875 0.6873408564814815 0.111328125 0.07782118055555554
0 0.1640625 0.7133680555555555 0.166015625 0.10792824074074092
0 0.05859375 0.7176649305555556 0.111328125 0.14813368055555554