0 0.34542100694444444 0.6842809606481481 0.18421585648148153 0.0907841435185186
0 0.5312355324074074 0.6412760416666666 0.07663483796296289 0.06532118055555558
0 0.475462962962963 0.6579861111111112 0.056915509259259256 0.03920717592592604
0 0.43154658564814813 0.6557074652777777 0.049103009259259256 0.03891782407407396
0 0.6435980902777778 0.6293041087962963 0.02361111111111125 0.02430555555555558
0 0.952271412037037 0.6071325231481481 0.0648726851851853 0.05902777777777768
0 0.967896412037037 0.6065538194444444 0.05515046296296289 0.06452546296296302
0 0.9201533564814814 0.593677662037037 0.03331886574074083 0.01685474537037024
0 0.8116753472222222 0.6084346064814815 0.023611111111111027 0.02430555555555558
0 0.8439380787037036 0.6023582175925926 0.021600115740740833 0.01642071759259256
0 0.8713107638888888 0.5974392361111112 0.019632523148148007 0.014395254629629761
0 0.7931495949074074 0.6052155671296295 0.048958333333333215 0.01938657407407396
0 0.8498408564814814 0.5962818287037037 0.06657986111111125 0.0258969907407407