0 0.724609375 0.677734375 0.1484375 0.07421875
0 0.55078125 0.65234375 0.037109375 0.021484375
0 0.455078125 0.6484375 0.029296875 0.03125
0 0.51171875 0.6484375 0.015625 0.013671875
0 0.4296875 0.646484375 0.021484375 0.029296875
0 0.27734375 0.650390625 0.0703125 0.0390625
0 0.1796875 0.662109375 0.125 0.056640625
0 0.064453125 0.6845703125 0.12890625 0.119140625
0 0.322265625 0.650390625 0.041015625 0.025390625
0 0.349609375 0.64453125 0.04296875 0.03125
0 0.373046875 0.646484375 0.02734375 0.01953125
0 0.38671875 0.6484375 0.013671875 0.015625
0 0.404296875 0.646484375 0.01953125 0.013671875
0 0.529296875 0.650390625 0.0234375 0.0234375