0 0.6874131944444444 0.693482349537037 0.17702546296296306 0.09440104166666674
0 0.5116898148148148 0.6869719328703704 0.077097800925926 0.06701388888888893
0 0.5644386574074074 0.6910734953703703 0.05719039351851851 0.04046585648148149
0 0.6043185763888889 0.6827039930555556 0.04937789351851851 0.0400028935185186
0 0.4035228587962963 0.6961733217592593 0.02375578703703707 0.022873263888888884
0 0.11518373842592591 0.7278718171296297 0.06523437500000001 0.056553819444444375
0 0.08014322916666666 0.7336009837962962 0.0907986111111111 0.06977719907407387
0 0.14127604166666669 0.7108796296296296 0.03346354166666665 0.019545717592592604
0 0.24460358796296294 0.7043185763888888 0.02375578703703707 0.022873263888888884
0 0.21338252314814815 0.7044198495370371 0.01973379629629629 0.01482928240740744
0 0.18803530092592594 0.7058449074074074 0.01973379629629629 0.01482928240740744
0 0.25916521990740743 0.6993272569444444 0.04518229166666665 0.020240162037036935
0 0.2064887152777778 0.7001085069444444 0.06287615740740737 0.029094328703703543