0 0.2559678819444444 0.6305772569444444 0.20572916666666674 0.12751736111111112
0 0.9356553819444444 0.7170789930555556 0.12868923611111116 0.09466145833333339
0 0.733470775462963 0.6717664930555556 0.087890625 0.05464409722222219
0 0.6127748842592593 0.6588107638888889 0.06850405092592604 0.05811631944444429
0 0.5524450231481481 0.6396267361111111 0.04065393518518512 0.04383680555555558
0 0.5699869791666667 0.6382595486111111 0.02654803240740744 0.031814236111111116
0 0.5218822337962963 0.6324869791666667 0.01815682870370372 0.01601562500000009
0 0.5014105902777778 0.6339192708333333 0.02408854166666674 0.018098958333333304
0 0.6633029513888888 0.6508463541666667 0.02408854166666652 0.018098958333333304
0 0.6800853587962963 0.6553602430555556 0.02408854166666652 0.018098958333333304
0 0.6377314814814814 0.6465277777777778 0.010199652777777679 0.01193576388888884