0 0.576171875 0.658203125 0.044921875 0.029296875
0 0.552734375 0.650390625 0.037109375 0.02734375
0 0.525390625 0.646484375 0.01953125 0.01953125
0 0.505859375 0.642578125 0.01171875 0.0078125
0 0.48828125 0.640625 0.009765625 0.005859375
0 0.400390625 0.642578125 0.03125 0.0234375
0 0.4375 0.640625 0.009765625 0.009765625
0 0.421875 0.642578125 0.013671875 0.009765625
0 0.36328125 0.6484375 0.044921875 0.029296875
0 0.3203125 0.65625 0.0703125 0.041015625
0 0.23046875 0.646484375 0.091796875 0.044921875
0 0.306640625 0.6484375 0.052734375 0.03125
0 0.466796875 0.640625 0.005859375 0.00390625