xy_092_057_9b52bdf0-5a9d-11f1-816a-7404f1c2a475_jpg.rf.50pCKPzkVk9u6uO4oGKB.jpg 24,110,53,157,1 171,119,222,224,2
xy_092_057_9cf5dc82-5a9d-11f1-816a-7404f1c2a475_jpg.rf.5Bo7w7C9FzfFYMxGyeG9.jpg 4,121,63,203,1
xy_062_167_10b75c26-5a9f-11f1-816a-7404f1c2a475_jpg.rf.61pxieqzIzCsWzC68Zgd.jpg 9,72,42,131,3 58,62,82,97,0 81,56,99,93,2 129,58,153,99,1
xy_092_057_8b8b4ad6-5a9d-11f1-816a-7404f1c2a475_jpg.rf.6gFyeOBE8s3E2oiNNIMt.jpg 72,99,97,141,2 130,94,143,109,0 161,103,198,155,3
xy_160_091_a371764c-5a9e-11f1-816a-7404f1c2a475_jpg.rf.wzJm6bX9Ysh23yx9SWFx.jpg 112,62,136,91,0
xy_092_057_820268c8-5a9d-11f1-816a-7404f1c2a475_jpg.rf.6StLN9nINL5KHYvgu8yH.jpg 2,82,27,119,0 107,63,152,124,1
xy_092_057_8d203604-5a9d-11f1-816a-7404f1c2a475_jpg.rf.7eOx9KFz23lds5BMasOF.jpg 91,100,108,125,2 107,96,117,110,0 148,102,161,123,3 135,99,146,113,1
xy_092_057_77b2e05a-5a9d-11f1-816a-7404f1c2a475_jpg.rf.3XjmqchLCNjJWvukstqn.jpg 37,75,71,139,2 92,62,103,79,0 133,63,149,88,1 169,75,203,132,3
xy_092_057_7512ced2-5a9d-11f1-816a-7404f1c2a475_jpg.rf.4gX8iczpvObKxAIn8ni8.jpg 133,31,156,63,3 51,34,77,75,2 105,28,120,47,1
xy_077_054_65d6525e-5a9d-11f1-816a-7404f1c2a475_jpg.rf.C10IfanvNg04OHUFTHqM.jpg 112,39,180,129,3 65,36,79,53,0 0,65,12,135,2
xy_062_167_08ab9204-5a9f-11f1-816a-7404f1c2a475_jpg.rf.8gFFTZMRvxJuLX7k0roJ.jpg 43,59,71,107,2 128,58,154,101,1
xy_062_167_0a53bdd4-5a9f-11f1-816a-7404f1c2a475_jpg.rf.9oFwNW9160q1WBhKlGSr.jpg 9,71,44,129,3 46,61,66,102,2 127,59,154,98,1
xy_070_062_6088947e-5a9d-11f1-816a-7404f1c2a475_jpg.rf.Enwg5Xp84JycdWjzFSgP.jpg 63,37,93,97,2 122,33,132,47,0 161,37,179,63,1 189,55,224,122,3
xy_062_167_0e2aba98-5a9f-11f1-816a-7404f1c2a475_jpg.rf.KsDjNDrsVYukxf2zkE8z.jpg 9,72,43,125,3 128,60,154,95,1 79,56,100,89,2
xy_092_057_7b9355c4-5a9d-11f1-816a-7404f1c2a475_jpg.rf.ctTCXe2u3cpHKoQEIkwS.jpg 48,66,90,157,2 154,65,166,89,0
xy_092_057_71572b12-5a9d-11f1-816a-7404f1c2a475_jpg.rf.J02nvtQ9PscFdsfjYR9A.jpg 100,29,116,61,2 130,29,141,44,0 166,40,188,73,3
xy_092_057_75174034-5a9d-11f1-816a-7404f1c2a475_jpg.rf.0fZCWMqsI1swnOGcNZ4B.jpg 132,30,159,67,3 106,29,119,46,1 50,33,79,74,2
xy_062_167_15f8ff78-5a9f-11f1-816a-7404f1c2a475_jpg.rf.kACPs5Mj8eQaAi8roJyb.jpg 27,65,66,116,3 62,62,81,97,0 104,54,120,81,2 128,60,149,93,1
xy_092_057_84b70006-5a9d-11f1-816a-7404f1c2a475_jpg.rf.KaDpDpv9o0WOPMZNSMwA.jpg 59,100,79,138,2 133,103,157,136,3 93,97,105,113,0 124,99,136,115,1
xy_092_057_698b447c-5a9d-11f1-816a-7404f1c2a475_jpg.rf.QrH4tRxIW7tjNmuIjpI2.jpg 86,34,148,108,1 15,56,31,87,0
xy_092_057_8605a610-5a9d-11f1-816a-7404f1c2a475_jpg.rf.Qe8h0acpCjDEVQQPreap.jpg 25,108,56,179,2 106,99,119,116,0 166,123,224,209,3 146,101,165,128,1
xy_062_167_11f49fc2-5a9f-11f1-816a-7404f1c2a475_jpg.rf.0nnxd3EYy4wIDn5EJ2QV.jpg 128,58,155,96,1 102,54,121,85,2 58,62,83,94,0 11,73,43,128,3
xy_092_057_7b8ea6aa-5a9d-11f1-816a-7404f1c2a475_jpg.rf.koNrUxXjUv7JWuTeUuzT.jpg 52,72,83,151,2 154,66,168,84,0 196,77,216,107,1
xy_070_062_5dff792a-5a9d-11f1-816a-7404f1c2a475_jpg.rf.R1xJnDjSoheC20OiP105.jpg 57,35,77,79,2 85,32,95,45,0 135,32,162,70,3 120,30,134,49,1
xy_092_057_6ebd92ec-5a9d-11f1-816a-7404f1c2a475_jpg.rf.xJWT8jXUHMGro6hVChAP.jpg 87,28,126,78,0
xy_092_057_aca8ff2e-5a9d-11f1-816a-7404f1c2a475_jpg.rf.0TnrSoU9I7brtnWPrtuo.jpg 78,107,116,158,1
xy_062_167_13c3756c-5a9f-11f1-816a-7404f1c2a475_jpg.rf.XRUAXSLKxvQMKoUTANnz.jpg 27,65,67,117,3 62,62,82,95,0 105,53,119,80,2 128,61,155,95,1
xy_092_057_7986714e-5a9d-11f1-816a-7404f1c2a475_jpg.rf.be9rIuE349C5CwR6mFt0.jpg 86,64,99,83,0 134,65,157,95,1
xy_070_062_62ebe9d2-5a9d-11f1-816a-7404f1c2a475_jpg.rf.pzZ1sbrNhIaCl1kQFfuq.jpg 60,31,121,142,2 157,35,174,59,1
xy_092_057_72fefbfc-5a9d-11f1-816a-7404f1c2a475_jpg.rf.pRxnB2PTVfrCsKRjjjVO.jpg 44,40,67,91,2 154,45,210,120,3 117,28,131,48,0
xy_092_057_965fc66c-5a9d-11f1-816a-7404f1c2a475_jpg.rf.EVNQqRaxAoxhZPCYMzyt.jpg 70,104,97,135,3 98,96,111,115,1 139,97,154,122,2 163,106,191,149,0
xy_092_057_86e0e36a-5a9d-11f1-816a-7404f1c2a475_jpg.rf.YWAs6pASxBdHoPd70dZn.jpg 62,105,104,185,2 131,101,149,121,1 188,112,215,158,3
xy_092_057_8a25879c-5a9d-11f1-816a-7404f1c2a475_jpg.rf.IioLuKdTa8uLHfqnAmAZ.jpg 76,108,102,139,0 118,126,186,224,1
xy_092_057_b12311d4-5a9d-11f1-816a-7404f1c2a475_jpg.rf.9VIysYEZWdltlj3uZeME.jpg 41,33,87,87,1 191,45,214,101,2
xy_092_057_809520f2-5a9d-11f1-816a-7404f1c2a475_jpg.rf.c11ZEbwHfvFqmcagCLCF.jpg 152,83,224,216,1 85,64,110,96,0
xy_092_057_d81e9aa6-5a9d-11f1-816a-7404f1c2a475_jpg.rf.Hf1sZCUYVOrf5g2BwhsE.jpg 102,26,136,68,3 44,41,56,57,0
xy_092_057_d084d4e0-5a9d-11f1-816a-7404f1c2a475_jpg.rf.JEdAIdJ2jcWf2hjU1nhM.jpg 62,38,77,56,0 124,28,152,75,2
xy_092_057_d3cb1718-5a9d-11f1-816a-7404f1c2a475_jpg.rf.cUWTQXvVLl3vaKi0e9ne.jpg 71,31,126,111,1 30,44,46,77,2
xy_092_057_db7014dc-5a9d-11f1-816a-7404f1c2a475_jpg.rf.Ib0AX5IcvES6HLCwOa7m.jpg 89,22,145,124,3
xy_092_057_dd1dc806-5a9d-11f1-816a-7404f1c2a475_jpg.rf.Rr7rCZy1CgI0qjm9yHlX.jpg 107,41,206,185,1 86,31,99,49,0
xy_092_057_991b8fda-5a9d-11f1-816a-7404f1c2a475_jpg.rf.PyzDo3lZafwcXTjcgerX.jpg 103,101,123,129,1 176,101,202,150,2 0,125,35,222,3
xy_092_057_a98c4b7a-5a9d-11f1-816a-7404f1c2a475_jpg.rf.TYcO5W1dPeYlhTSpqbql.jpg 37,111,80,173,3 137,99,164,143,0
xy_092_057_da40bf30-5a9d-11f1-816a-7404f1c2a475_jpg.rf.WpiNTlrcOjzz0hJrntRa.jpg 43,40,55,58,0 105,24,138,67,3
xy_092_057_df5926c4-5a9d-11f1-816a-7404f1c2a475_jpg.rf.C0gdRseT0oSgeG1dEtKF.jpg 43,34,119,122,1 111,25,139,66,3
xy_092_057_c58ae21e-5a9d-11f1-816a-7404f1c2a475_jpg.rf.nYDebfDGZq5lfCkK3XMj.jpg 34,42,69,99,1 202,59,224,139,0
xy_092_057_b30e8bc2-5a9d-11f1-816a-7404f1c2a475_jpg.rf.fjzFpaORAFqBlHp3eWca.jpg 27,46,69,101,3 153,37,185,82,0 91,29,106,48,1
xy_092_057_9f1689e4-5a9d-11f1-816a-7404f1c2a475_jpg.rf.kNIkFngQk0xysXTZOVzs.jpg 72,103,94,135,3 106,98,121,115,1 151,96,161,123,2 162,105,194,154,0
xy_092_057_d2f3ae72-5a9d-11f1-816a-7404f1c2a475_jpg.rf.rwaz2Xz3JnkXj5Mm712H.jpg 99,22,141,112,2
xy_092_057_87df3c1c-5a9d-11f1-816a-7404f1c2a475_jpg.rf.sCuQKVraFwoKvfX0rU21.jpg 28,104,58,144,0 105,132,202,224,1
xy_092_057_e0f27256-5a9d-11f1-816a-7404f1c2a475_jpg.rf.6gpQn3luyBFHO4fr7mlZ.jpg 82,29,120,73,1 113,24,136,68,3
xy_092_057_88bdfc22-5a9d-11f1-816a-7404f1c2a475_jpg.rf.wSdiL9tyAnH48gVuyorg.jpg 65,102,117,166,0
xy_092_057_a54f1b32-5a9d-11f1-816a-7404f1c2a475_jpg.rf.iCS6CBwBn8zfpE08U5FP.jpg 72,101,95,137,3 161,104,195,156,0 107,99,120,115,1
xy_092_057_aba96b5e-5a9d-11f1-816a-7404f1c2a475_jpg.rf.qhvDtXN3kwmhYRTH70HL.jpg 23,108,56,152,1 142,102,164,164,2
xy_092_057_b00277b8-5a9d-11f1-816a-7404f1c2a475_jpg.rf.ThWsP0iStLJJ8wIP2KCQ.jpg 45,106,91,165,1 189,104,216,169,2
xy_092_057_c4488d8e-5a9d-11f1-816a-7404f1c2a475_jpg.rf.x1iMC56ii9Jk9ATn8P4r.jpg 59,32,80,63,1 137,29,160,64,0
xy_092_057_c2fa3252-5a9d-11f1-816a-7404f1c2a475_jpg.rf.J9rZIbOhu1ND0qU9lwhX.jpg 152,33,165,53,0 97,31,114,48,1 64,33,74,86,2
xy_160_091_9cd2be86-5a9e-11f1-816a-7404f1c2a475_jpg.rf.2pw3ohg7Uw5uBVtFfLnL.jpg 138,63,171,115,0
xy_092_057_ce9668c4-5a9d-11f1-816a-7404f1c2a475_jpg.rf.caicJnnwyTkpv5NApdcz.jpg 132,33,174,94,1 88,26,105,57,2 49,39,60,51,0
xy_160_091_842d193a-5a9e-11f1-816a-7404f1c2a475_jpg.rf.ANMg4C21YmnVsTxNTOBO.jpg 133,57,169,118,3
xy_160_091_9b51b6de-5a9e-11f1-816a-7404f1c2a475_jpg.rf.DoiBHm1yjgmTl7lfVa25.jpg 99,60,146,127,0
xy_160_091_9945c862-5a9e-11f1-816a-7404f1c2a475_jpg.rf.A9fLpTkUkpTsBCz53CVG.jpg 124,52,146,101,2
xy_092_057_97dbb56e-5a9d-11f1-816a-7404f1c2a475_jpg.rf.ZokCb7zr0nk0omNrQP65.jpg 136,100,155,130,2 79,101,98,125,1 18,114,51,168,3 186,121,224,207,0
xy_160_091_76e57c7c-5a9e-11f1-816a-7404f1c2a475_jpg.rf.J8Sl1w55bp9pNeH0GaLN.jpg 104,59,121,90,1
xy_160_091_8ae7af42-5a9e-11f1-816a-7404f1c2a475_jpg.rf.6qiQ0aYRL9fcraZV2xlO.jpg 119,54,145,110,2
xy_092_057_a751434c-5a9d-11f1-816a-7404f1c2a475_jpg.rf.mmHyZFvNJAXtzF33BEfz.jpg 38,109,71,166,3 163,105,194,156,0 105,98,119,115,1
xy_092_057_c060bb10-5a9d-11f1-816a-7404f1c2a475_jpg.rf.y1d5fF5tbA8OScyF8Bgc.jpg 97,26,107,45,1 132,28,143,44,0
xy_160_091_9e2b56e4-5a9e-11f1-816a-7404f1c2a475_jpg.rf.Hr2Z2k2qI5fCsLlxNKKy.jpg 142,64,169,108,0
xy_092_057_b205991e-5a9d-11f1-816a-7404f1c2a475_jpg.rf.ybMwtEBuN68caKL5si5v.jpg 14,51,49,100,1 145,22,179,104,2
xy_160_091_7d45ee62-5a9e-11f1-816a-7404f1c2a475_jpg.rf.OYOK7Qe94dUG4Z8ojALU.jpg 113,55,128,91,3
xy_160_091_a82f968c-5a9e-11f1-816a-7404f1c2a475_jpg.rf.4o8l4Bt0niIWuxMhmRBf.jpg 98,61,119,96,0
xy_160_091_85ba43ea-5a9e-11f1-816a-7404f1c2a475_jpg.rf.QkJ1ZR43QzHzrMwASdpL.jpg 72,55,119,127,3
xy_160_091_8e727be2-5a9e-11f1-816a-7404f1c2a475_jpg.rf.YDrB5x0K9AZDXbn5VWTn.jpg 123,52,158,123,2
xy_160_091_941706b2-5a9e-11f1-816a-7404f1c2a475_jpg.rf.RMAdbLHpAVIftKAV7dPm.jpg 128,54,145,93,2
xy_160_091_7b5301bc-5a9e-11f1-816a-7404f1c2a475_jpg.rf.Uqy9a1NC1phBvhxxm4kf.jpg 89,56,123,108,3
xy_160_091_65b9667a-5a9e-11f1-816a-7404f1c2a475_jpg.rf.n7vAfvfsCLSHr4Ke93HZ.jpg 83,57,139,123,1
xy_160_091_91c8a460-5a9e-11f1-816a-7404f1c2a475_jpg.rf.gZ9gi0t3RMIwxxZ1fRHp.jpg 77,50,109,126,2
xy_160_091_a68522b6-5a9e-11f1-816a-7404f1c2a475_jpg.rf.fc9cQPHUDhcxbQwMK46x.jpg 107,58,122,89,0
xy_160_091_8fe30622-5a9e-11f1-816a-7404f1c2a475_jpg.rf.mJvfU8WtkV4icU75FPr5.jpg 95,51,126,117,2
xy_160_091_a08892b2-5a9e-11f1-816a-7404f1c2a475_jpg.rf.esU3TQ6CMwRTcvWgu1DU.jpg 150,69,172,116,0
xy_160_091_978b0b7c-5a9e-11f1-816a-7404f1c2a475_jpg.rf.eKePZlVV4edkCmXE2HA9.jpg 112,53,131,95,2
xy_160_091_a4e36e7c-5a9e-11f1-816a-7404f1c2a475_jpg.rf.r2UxNU3XXRgyRKlCVz6D.jpg 134,61,150,89,0
xy_160_091_a2370238-5a9e-11f1-816a-7404f1c2a475_jpg.rf.i8mEMj4ZfjpKdOeqJxbS.jpg 70,63,111,124,0
xy_160_091_87297bba-5a9e-11f1-816a-7404f1c2a475_jpg.rf.nPys0Wa68nmOPf0qkPyK.jpg 84,55,114,127,3
xy_160_091_930edb64-5a9e-11f1-816a-7404f1c2a475_jpg.rf.rELz6RJN9iPIsOdZ5WxH.jpg 118,53,138,92,2
xy_160_091_7a08880e-5a9e-11f1-816a-7404f1c2a475_jpg.rf.pO2VKexsWJDmTicplVwv.jpg 129,54,165,106,3
xy_160_091_7f3710a2-5a9e-11f1-816a-7404f1c2a475_jpg.rf.WLzaEK1TzUBubq6ZTtU3.jpg 128,56,145,88,3
xy_160_091_530aa610-5a9e-11f1-816a-7404f1c2a475_jpg.rf.2xQPJN14xkMpGaN3HcfY.jpg 115,56,136,90,0
xy_160_091_95cc93fa-5a9e-11f1-816a-7404f1c2a475_jpg.rf.zjTHKxEUvSR9LsYen6Ka.jpg 113,53,130,90,2
xy_160_091_5eed86d2-5a9e-11f1-816a-7404f1c2a475_jpg.rf.ECncHNduqJCsttTtSoUe.jpg 128,56,146,80,1
xy_160_091_66f650ac-5a9e-11f1-816a-7404f1c2a475_jpg.rf.2UFpBnuF6rs6PBKPIR1z.jpg 78,56,123,119,1
xy_160_091_61394e80-5a9e-11f1-816a-7404f1c2a475_jpg.rf.tRY4eEgZ9BGyJVubTVCz.jpg 47,61,98,129,1
xy_160_091_6b9b9f0e-5a9e-11f1-816a-7404f1c2a475_jpg.rf.6jTWWjLJVAPpFf69804x.jpg 124,59,162,136,1
xy_160_091_6eb0912c-5a9e-11f1-816a-7404f1c2a475_jpg.rf.8ox7oZ5BikB2T67rrkyl.jpg 114,60,137,138,1
xy_160_091_357de1e8-5a9e-11f1-816a-7404f1c2a475_jpg.rf.HWzpYYUM9oB1hLA9Cm9Y.jpg 108,30,122,48,1
xy_160_091_436543d2-5a9e-11f1-816a-7404f1c2a475_jpg.rf.EStgeqfTwVrNZjdbaDCI.jpg 34,42,61,81,3
xy_160_091_8be28476-5a9e-11f1-816a-7404f1c2a475_jpg.rf.yWJKcv7q7QNtugKlS21x.jpg 138,54,161,122,2
xy_160_091_67fe4ca2-5a9e-11f1-816a-7404f1c2a475_jpg.rf.x6ujX8tNqGFYoMwgF8pl.jpg 85,57,118,128,1
xy_160_091_72c0bc9c-5a9e-11f1-816a-7404f1c2a475_jpg.rf.QKkOucHmiTZhZEML8eIi.jpg 112,56,131,87,1
xy_160_091_50d5a2be-5a9e-11f1-816a-7404f1c2a475_jpg.rf.PwvVZUVZcngh8ZLwTII2.jpg 15,71,70,143,3
xy_160_091_4d739040-5a9e-11f1-816a-7404f1c2a475_jpg.rf.Nd0ipLOy8dLC43LArtew.jpg 119,52,137,79,3
xy_160_091_41503430-5a9e-11f1-816a-7404f1c2a475_jpg.rf.Vht0iYDdLNl31BdsTDjL.jpg 113,30,123,49,3
xy_160_091_59c3746e-5a9e-11f1-816a-7404f1c2a475_jpg.rf.K9QeCCiSuFsI4Sl84PMi.jpg 82,55,103,93,2
xy_160_091_549974e8-5a9e-11f1-816a-7404f1c2a475_jpg.rf.aTnwu3rIcT65kBjG19t4.jpg 129,56,143,76,0
xy_160_091_33f14e00-5a9e-11f1-816a-7404f1c2a475_jpg.rf.LRfUeTNx5upmBaklNimo.jpg 123,29,143,63,1
xy_160_091_3f1d260a-5a9e-11f1-816a-7404f1c2a475_jpg.rf.YTQ1V3bPrOGAFyBDeoUE.jpg 78,31,97,59,3
xy_160_091_53bae28c-5a9e-11f1-816a-7404f1c2a475_jpg.rf.NWINTlFqsLmCgpB0MkoA.jpg 68,59,93,90,0
xy_160_091_4e7ab766-5a9e-11f1-816a-7404f1c2a475_jpg.rf.QJL8m1A9cIlpFEq4HwtP.jpg 92,55,103,74,3
xy_160_091_3323b4d6-5a9e-11f1-816a-7404f1c2a475_jpg.rf.bxUqgROhqoW6KknQ7rRY.jpg 75,29,95,56,1
xy_160_091_71873108-5a9e-11f1-816a-7404f1c2a475_jpg.rf.ydhCkpyzcNc6g2wDRlOC.jpg 108,58,128,86,1
xy_160_091_5dff54b2-5a9e-11f1-816a-7404f1c2a475_jpg.rf.RQQMFJFfop5UGUFWl3Dd.jpg 87,56,122,103,1
xy_160_091_751e19ee-5a9e-11f1-816a-7404f1c2a475_jpg.rf.IkujyzfUX7NteLkvTMhV.jpg 115,57,131,89,1
xy_160_091_52209f66-5a9e-11f1-816a-7404f1c2a475_jpg.rf.fGT8mzmu9BaIGRvgyXYd.jpg 105,58,140,112,0
xy_160_091_42863354-5a9e-11f1-816a-7404f1c2a475_jpg.rf.lZyaf0vtV5tKzH27gbfI.jpg 117,27,161,86,3
xy_160_091_4f74c10c-5a9e-11f1-816a-7404f1c2a475_jpg.rf.yegJXnBVjRWbFVyzDXis.jpg 103,58,130,90,3
xy_160_091_56adc7b6-5a9e-11f1-816a-7404f1c2a475_jpg.rf.sEUKlBtrknoEpIQyN3l9.jpg 106,55,119,73,0
xy_160_091_5c035a82-5a9e-11f1-816a-7404f1c2a475_jpg.rf.grKZ8a5EJCQQgTEmFMTX.jpg
xy_160_091_600cbe16-5a9e-11f1-816a-7404f1c2a475_jpg.rf.ng19EhGT56JUqObVcPm5.jpg 110,56,126,76,1
xy_160_091_58e2e624-5a9e-11f1-816a-7404f1c2a475_jpg.rf.c3s9gyOt3NLgHDcWlLgf.jpg 123,56,147,93,2
xy_092_057_f2d1343a-5a9d-11f1-816a-7404f1c2a475_jpg.rf.07jU2Lra44lav0R0jxSz.jpg 24,44,59,90,0
xy_092_057_e278f9ec-5a9d-11f1-816a-7404f1c2a475_jpg.rf.2Q0yufemBRkfRaURKekI.jpg 61,33,94,70,1 111,24,139,62,3
xy_160_091_25c6c986-5a9e-11f1-816a-7404f1c2a475_jpg.rf.3RAKQlj5vEOPvQhUf62F.jpg 124,30,134,43,0
xy_160_091_2a096f8a-5a9e-11f1-816a-7404f1c2a475_jpg.rf.2Hxh7RJsgby3NIexvDzU.jpg 63,35,85,62,0
xy_160_091_5ab6c84e-5a9e-11f1-816a-7404f1c2a475_jpg.rf.zlFx00h8HEseQCEuktJU.jpg 125,55,138,75,2
xy_160_091_36905336-5a9e-11f1-816a-7404f1c2a475_jpg.rf.97i0kozqiJMuDyTbdqoy.jpg 89,28,98,44,1
xy_160_091_28bf21e2-5a9e-11f1-816a-7404f1c2a475_jpg.rf.GSAhRRq4Ea246KChJ6BE.jpg 87,31,99,48,0
xy_160_091_69fa45e2-5a9e-11f1-816a-7404f1c2a475_jpg.rf.jNpVIeuwCq8zqUIfSnU7.jpg 78,57,110,135,1
xy_160_091_2db77474-5a9e-11f1-816a-7404f1c2a475_jpg.rf.TwIg2yJjrDCIrDz8KvcS.jpg 88,28,100,53,2
xy_160_091_4044ff08-5a9e-11f1-816a-7404f1c2a475_jpg.rf.8rJ6dU1Y5AhO7b69TQ3g.jpg 133,31,152,57,3
xy_160_091_4c52e422-5a9e-11f1-816a-7404f1c2a475_jpg.rf.vpbXyDtR6skbjcHmS8pi.jpg 122,57,132,71,3
xy_092_057_eef75e66-5a9d-11f1-816a-7404f1c2a475_jpg.rf.SNerVaMUB0OiWRN8nkeR.jpg 69,26,101,70,3 123,28,156,78,0
xy_092_057_efbf1e6a-5a9d-11f1-816a-7404f1c2a475_jpg.rf.ZNpQSIAVg8Mvkt00yPYp.jpg 123,25,156,77,0
xy_092_057_f706315e-5a9d-11f1-816a-7404f1c2a475_jpg.rf.QAENhIiRLEHP6Qo43Rkx.jpg 92,29,115,60,1 27,42,59,88,0 123,24,142,65,2
xy_160_091_2ea2857c-5a9e-11f1-816a-7404f1c2a475_jpg.rf.TtzS528ko4GyLfgC0dHH.jpg 109,26,122,49,2
xy_092_057_f5465074-5a9d-11f1-816a-7404f1c2a475_jpg.rf.TySnTNcLapLMkjleEF8O.jpg 26,44,58,90,0 92,26,113,60,1
xy_160_091_2798ce8a-5a9e-11f1-816a-7404f1c2a475_jpg.rf.2fDsfCi3ZNABabv33Dmg.jpg 108,28,122,49,0
xy_092_057_ec9d2e16-5a9d-11f1-816a-7404f1c2a475_jpg.rf.eujPXUshNx1D8u5F4Fdk.jpg 124,26,157,82,0
xy_160_091_2b99fbb2-5a9e-11f1-816a-7404f1c2a475_jpg.rf.YNfDDXhSBadZKU9Lnia4.jpg 123,24,142,59,2
xy_092_057_ff42e3f8-5a9d-11f1-816a-7404f1c2a475_jpg.rf.PeGktvtqN69zaImBKM2b.jpg 127,29,143,47,1 88,28,101,54,0 53,31,83,76,2
xy_092_057_e5b421f4-5a9d-11f1-816a-7404f1c2a475_jpg.rf.bgIykEUbUE06qEVKBMWV.jpg 65,31,94,71,1 97,23,122,67,2 128,28,165,77,3
xy_092_057_fb623ca2-5a9d-11f1-816a-7404f1c2a475_jpg.rf.eOVjaJSjCmspBQR2ORUc.jpg 122,25,145,68,2 24,42,59,88,0 89,29,103,45,3
xy_160_091_309d2cb0-5a9e-11f1-816a-7404f1c2a475_jpg.rf.d6OiNc3CeNa0rm0nLTYm.jpg 88,28,98,49,2
xy_092_057_f11da74a-5a9d-11f1-816a-7404f1c2a475_jpg.rf.jJyKKNG5aH3vvgPWcwrR.jpg 27,42,95,158,0
xy_092_057_e6ddc7f6-5a9d-11f1-816a-7404f1c2a475_jpg.rf.j6SWPw4EkIyKP5L4P3KE.jpg 102,25,120,70,2 129,26,166,81,3 87,31,98,45,0
xy_160_091_318e228c-5a9e-11f1-816a-7404f1c2a475_jpg.rf.jobkO2XUB3vMici1ItTp.jpg 37,35,72,85,2
xy_092_057_d4ae3f52-5a9d-11f1-816a-7404f1c2a475_jpg.rf.mdha5lS65MUOIQd0hUMd.jpg 74,22,132,105,0
xy_160_091_2f9a8fce-5a9e-11f1-816a-7404f1c2a475_jpg.rf.mt5r99GAz4ZL78kk93wi.jpg 129,28,138,44,2
xy_092_057_d17bb576-5a9d-11f1-816a-7404f1c2a475_jpg.rf.zJCUaSAzeWavKUPIsZGi.jpg 110,28,134,63,0
xy_092_057_e7e7b3f0-5a9d-11f1-816a-7404f1c2a475_jpg.rf.qqAfXBxaYwhI8Zlt7kSQ.jpg 72,25,110,108,2 131,26,167,77,3
xy_092_057_e906d82e-5a9d-11f1-816a-7404f1c2a475_jpg.rf.vGalqPeek4OuNN4mklBP.jpg 71,23,110,108,2 111,26,135,57,3
xy_092_057_ea395ce4-5a9d-11f1-816a-7404f1c2a475_jpg.rf.Cd5JwvhfwucKZCVIjJxR.jpg 123,30,156,76,0
xy_092_057_e3f62452-5a9d-11f1-816a-7404f1c2a475_jpg.rf.mSUef8exvznU36HKiqTk.jpg 64,32,96,76,1 128,26,165,75,3